35 0 1
149 0 1
198 0 1
219 0 1
40 2 1
43 2 1
68 2 1
183 2 1
218 2 1
229 2 1
230 2 1
5 130 1
160 5 1
161 5 1
6 8 1
6 40 1
6 58 1
6 60 1
6 68 1
6 74 1
6 110 1
6 111 1
8 9 1
110 8 1
261 8 1
110 9 1
261 9 1
101 10 1
170 10 1
248 10 1
219 11 1
258 11 1
12 24 1
148 12 1
12 167 1
183 12 1
13 24 1
13 27 1
43 13 1
13 167 1
13 255 1
17 14 1
18 14 1
19 14 1
32 14 1
33 14 1
35 14 1
149 14 1
14 207 1
219 14 1
220 14 1
14 246 1
15 23 1
33 16 1
16 207 1
18 17 1
19 17 1
32 17 1
33 17 1
35 17 1
149 17 1
17 207 1
220 17 1
223 17 1
235 17 1
17 246 1
18 19 1
18 207 1
223 18 1
18 246 1
33 19 1
35 19 1
149 19 1
19 207 1
220 19 1
223 19 1
19 246 1
40 21 1
76 21 1
77 21 1
92 21 1
111 21 1
218 21 1
229 21 1
230 21 1
261 21 1
23 22 1
72 22 1
79 22 1
229 22 1
77 23 1
79 23 1
229 23 1
230 23 1
24 32 1
24 40 1
24 43 1
24 68 1
24 123 1
24 133 1
24 135 1
24 148 1
24 155 1
24 160 1
24 180 1
24 183 1
24 184 1
24 193 1
24 197 1
24 224 1
24 235 1
24 242 1
167 27 1
27 235 1
28 33 1
28 35 1
29 31 1
32 29 1
35 29 1
56 29 1
85 29 1
123 29 1
149 29 1
29 178 1
35 31 1
56 31 1
31 123 1
31 178 1
32 33 1
54 32 1
32 168 1
218 32 1
35 33 1
54 33 1
33 168 1
220 33 1
222 33 1
35 56 1
35 123 1
35 129 1
35 168 1
35 207 1
220 35 1
35 246 1
77 37 1
165 38 1
39 122 1
74 40 1
76 40 1
77 40 1
92 40 1
40 95 1
40 103 1
105 40 1
110 40 1
111 40 1
40 160 1
218 40 1
261 40 1
43 88 1
43 91 1
43 168 1
43 169 1
43 258 1
125 47 1
182 47 1
235 47 1
239 47 1
70 48 1
235 48 1
48 247 1
98 50 1
183 50 1
193 50 1
201 50 1
205 50 1
98 51 1
51 117 1
53 123 1
53 155 1
53 184 1
53 195 1
53 227 1
235 53 1
54 123 1
54 155 1
54 184 1
54 224 1
235 54 1
60 56 1
57 130 1
57 264 1
60 58 1
58 61 1
74 58 1
76 58 1
77 58 1
58 97 1
58 117 1
58 130 1
58 135 1
60 61 1
92 60 1
60 97 1
60 240 1
261 60 1
156 61 1
61 187 1
193 61 1
261 61 1
72 62 1
76 62 1
79 62 1
229 62 1
122 63 1
76 65 1
77 65 1
99 65 1
100 65 1
119 65 1
67 70 1
67 81 1
74 68 1
76 68 1
77 68 1
92 68 1
68 95 1
68 103 1
105 68 1
110 68 1
111 68 1
68 160 1
218 68 1
261 68 1
70 155 1
235 70 1
247 70 1
122 71 1
77 72 1
79 72 1
92 72 1
229 72 1
261 72 1
76 74 1
77 74 1
74 110 1
76 77 1
77 79 1
92 77 1
77 99 1
77 100 1
77 110 1
77 119 1
218 79 1
80 180 1
81 88 1
155 81 1
227 81 1
149 85 1
181 86 1
90 88 1
91 88 1
94 88 1
104 88 1
110 88 1
111 88 1
126 88 1
131 88 1
172 88 1
175 88 1
176 88 1
180 88 1
258 88 1
92 156 1
92 157 1
92 158 1
92 229 1
92 230 1
92 231 1
92 258 1
103 95 1
165 95 1
214 95 1
215 95 1
98 158 1
98 229 1
98 230 1
100 99 1
261 99 1
101 134 1
170 101 1
248 101 1
101 251 1
165 103 1
214 103 1
215 103 1
104 113 1
111 105 1
111 110 1
110 160 1
161 110 1
110 220 1
110 230 1
231 110 1
110 240 1
244 110 1
218 111 1
261 111 1
113 117 1
113 118 1
113 160 1
161 113 1
169 113 1
180 113 1
113 230 1
231 113 1
113 242 1
244 113 1
219 119 1
258 119 1
261 119 1
122 188 1
122 190 1
178 123 1
235 123 1
124 156 1
261 124 1
125 155 1
125 184 1
125 195 1
125 224 1
125 227 1
125 235 1
125 239 1
219 126 1
219 127 1
128 129 1
198 128 1
219 128 1
198 129 1
220 129 1
250 129 1
160 130 1
161 130 1
201 132 1
205 132 1
197 133 1
133 224 1
226 133 1
170 134 1
158 135 1
240 135 1
263 136 1
264 136 1
207 137 1
213 137 1
220 137 1
138 198 1
138 254 1
139 140 1
142 139 1
139 143 1
146 139 1
181 139 1
192 141 1
142 143 1
146 143 1
180 143 1
181 143 1
181 146 1
218 147 1
149 246 1
149 178 1
149 207 1
149 220 1
149 250 1
178 155 1
181 156 1
156 187 1
261 156 1
157 158 1
158 160 1
158 161 1
158 162 1
240 158 1
242 158 1
244 158 1
161 160 1
160 162 1
240 160 1
242 160 1
244 160 1
249 160 1
261 160 1
240 161 1
244 161 1
249 161 1
261 161 1
240 162 1
201 163 1
214 165 1
215 165 1
165 229 1
258 166 1
169 168 1
220 168 1
222 168 1
223 168 1
265 168 1
250 169 1
248 170 1
170 251 1
170 253 1
175 172 1
176 172 1
188 173 1
175 176 1
175 183 1
235 178 1
181 215 1
183 182 1
184 195 1
201 184 1
205 184 1
193 187 1
261 187 1
190 188 1
192 188 1
192 190 1
191 235 1
192 197 1
193 195 1
193 197 1
235 195 1
239 195 1
224 197 1
226 197 1
235 197 1
239 197 1
219 198 1
205 201 1
219 213 1
214 215 1
261 214 1
219 218 1
219 220 1
219 222 1
219 258 1
220 222 1
220 223 1
260 220 1
220 264 1
223 222 1
226 224 1
224 227 1
235 224 1
235 227 1
239 227 1
229 230 1
229 231 1
229 232 1
261 229 1
231 230 1
234 230 1
261 230 1
249 231 1
258 231 1
261 232 1
239 235 1
235 247 1
240 242 1
240 244 1
249 240 1
261 240 1
244 242 1
261 242 1
251 253 1
261 258 1
263 264 1
0 32 0
0 33 0
0 164 0
0 213 0
0 220 0
0 250 0
2 6 0
2 8 0
2 9 0
2 12 0
2 13 0
2 15 0
2 23 0
2 24 0
2 32 0
2 33 0
2 35 0
2 47 0
2 53 0
2 58 0
2 60 0
2 61 0
2 65 0
2 71 0
2 72 0
2 74 0
2 76 0
2 77 0
2 79 0
2 81 0
2 86 0
2 88 0
2 92 0
2 96 0
2 98 0
2 105 0
2 110 0
2 111 0
2 113 0
2 122 0
2 125 0
2 138 0
2 139 0
2 140 0
2 141 0
2 142 0
2 143 0
2 146 0
2 148 0
2 149 0
2 154 0
2 155 0
2 158 0
2 167 0
2 168 0
2 169 0
2 175 0
2 178 0
2 181 0
2 184 0
2 187 0
2 188 0
2 190 0
2 192 0
2 193 0
2 197 0
2 201 0
2 205 0
2 214 0
2 216 0
2 220 0
2 222 0
2 223 0
2 224 0
2 226 0
2 227 0
2 235 0
2 239 0
2 240 0
2 242 0
2 244 0
2 245 0
2 253 0
2 259 0
2 261 0
5 24 0
5 57 0
5 58 0
5 70 0
5 87 0
5 141 0
5 148 0
5 152 0
5 155 0
5 158 0
5 162 0
5 184 0
5 193 0
5 201 0
5 235 0
5 239 0
5 240 0
5 242 0
5 244 0
5 264 0
6 24 0
6 52 0
6 76 0
6 77 0
6 105 0
6 148 0
6 175 0
6 176 0
6 201 0
6 205 0
6 214 0
6 218 0
6 219 0
6 229 0
6 261 0
8 24 0
8 40 0
8 58 0
8 60 0
8 61 0
8 68 0
8 74 0
8 76 0
8 77 0
8 92 0
8 111 0
8 201 0
8 229 0
8 245 0
9 24 0
9 58 0
9 60 0
9 61 0
9 76 0
9 77 0
9 92 0
9 111 0
9 245 0
11 37 0
11 77 0
11 88 0
11 92 0
11 99 0
11 119 0
11 158 0
11 175 0
11 176 0
11 240 0
11 244 0
11 259 0
11 261 0
12 47 0
12 58 0
12 81 0
12 155 0
12 201 0
12 205 0
12 227 0
12 235 0
12 239 0
13 35 0
13 56 0
13 60 0
13 88 0
13 112 0
13 113 0
13 133 0
13 139 0
13 158 0
13 175 0
13 240 0
14 155 0
14 250 0
14 260 0
15 22 0
15 72 0
15 79 0
15 92 0
15 178 0
15 216 0
15 229 0
15 230 0
16 32 0
16 35 0
16 137 0
16 213 0
16 220 0
16 229 0
17 24 0
17 28 0
17 43 0
17 80 0
17 88 0
17 91 0
17 113 0
17 122 0
17 125 0
17 148 0
17 158 0
17 164 0
17 167 0
17 168 0
17 178 0
17 180 0
17 184 0
17 193 0
17 195 0
17 201 0
17 205 0
17 224 0
17 226 0
17 229 0
17 240 0
17 250 0
17 260 0
17 265 0
18 28 0
18 32 0
18 33 0
18 35 0
18 88 0
18 91 0
18 113 0
18 122 0
18 141 0
18 149 0
18 168 0
18 180 0
18 184 0
18 220 0
18 226 0
18 229 0
18 230 0
18 250 0
18 260 0
18 265 0
19 28 0
19 32 0
19 88 0
19 91 0
19 113 0
19 122 0
19 141 0
19 168 0
19 180 0
19 184 0
19 226 0
19 229 0
19 230 0
19 250 0
19 260 0
19 265 0
21 29 0
21 88 0
21 91 0
21 113 0
21 143 0
21 148 0
21 180 0
22 62 0
22 178 0
22 216 0
23 62 0
23 72 0
23 92 0
23 122 0
23 148 0
23 178 0
23 216 0
23 261 0
24 27 0
24 28 0
24 29 0
24 31 0
24 33 0
24 35 0
24 50 0
24 52 0
24 53 0
24 54 0
24 56 0
24 57 0
24 58 0
24 60 0
24 61 0
24 67 0
24 70 0
24 71 0
24 74 0
24 76 0
24 77 0
24 80 0
24 87 0
24 88 0
24 92 0
24 98 0
24 102 0
24 105 0
24 106 0
24 110 0
24 111 0
24 112 0
24 113 0
24 122 0
24 125 0
24 130 0
24 131 0
24 136 0
24 138 0
24 139 0
24 141 0
24 147 0
24 152 0
24 154 0
24 157 0
24 158 0
24 161 0
24 162 0
24 163 0
24 164 0
24 165 0
24 167 0
24 170 0
24 173 0
24 175 0
24 178 0
24 182 0
24 188 0
24 190 0
24 192 0
24 195 0
24 198 0
24 199 0
24 201 0
24 205 0
24 217 0
24 218 0
24 220 0
24 226 0
24 227 0
24 229 0
24 230 0
24 231 0
24 234 0
24 239 0
24 240 0
24 244 0
24 245 0
24 249 0
24 250 0
24 251 0
24 253 0
24 255 0
24 257 0
24 261 0
24 263 0
24 264 0
27 32 0
27 43 0
27 80 0
27 139 0
27 184 0
27 192 0
27 193 0
27 195 0
27 205 0
27 255 0
27 257 0
28 32 0
28 56 0
28 88 0
28 91 0
28 113 0
28 118 0
28 122 0
28 168 0
28 169 0
28 173 0
28 188 0
28 190 0
28 201 0
28 205 0
28 207 0
28 220 0
28 223 0
28 240 0
28 250 0
28 260 0
28 265 0
29 58 0
29 92 0
29 111 0
29 113 0
29 157 0
29 158 0
29 184 0
29 227 0
29 229 0
29 235 0
29 240 0
29 244 0
29 250 0
31 184 0
31 227 0
31 235 0
31 250 0
32 35 0
32 40 0
32 43 0
32 49 0
32 68 0
32 80 0
32 85 0
32 88 0
32 91 0
32 102 0
32 110 0
32 111 0
32 113 0
32 122 0
32 123 0
32 125 0
32 127 0
32 128 0
32 129 0
32 131 0
32 137 0
32 138 0
32 141 0
32 147 0
32 148 0
32 149 0
32 155 0
32 158 0
32 163 0
32 164 0
32 167 0
32 169 0
32 175 0
32 178 0
32 180 0
32 182 0
32 183 0
32 184 0
32 193 0
32 195 0
32 198 0
32 199 0
32 201 0
32 205 0
32 207 0
32 213 0
32 219 0
32 220 0
32 222 0
32 223 0
32 224 0
32 226 0
32 227 0
32 229 0
32 230 0
32 235 0
32 240 0
32 246 0
32 250 0
32 254 0
32 255 0
32 257 0
32 260 0
32 264 0
32 265 0
33 40 0
33 43 0
33 49 0
33 68 0
